timestamp,error_xy,dx,dy,cube_x,cube_y,cube_z,ee_x,ee_y,ee_z,confidence,control_mode
12.869000,0.000004,0.000004,0.000001,0.306905,0.000015,0.486886,0.306901,0.000013,0.486884,0.000000,manual
12.969000,0.000103,-0.000103,0.000005,0.306905,0.000015,0.486886,0.307008,0.000009,0.486908,0.000000,manual
13.065000,0.000137,-0.000137,0.000009,0.306905,0.000015,0.486886,0.307042,0.000006,0.486918,0.000000,manual
13.161000,0.000123,-0.000122,0.000013,0.306905,0.000015,0.486886,0.307027,0.000002,0.486913,0.000000,manual
13.259000,0.000086,-0.000085,0.000007,0.306905,0.000015,0.486886,0.306990,0.000007,0.486905,0.000000,manual
13.354000,0.000041,-0.000041,-0.000001,0.306905,0.000015,0.486886,0.306946,0.000016,0.486897,0.000000,manual
13.453000,0.000013,-0.000002,-0.000013,0.306905,0.000015,0.486886,0.306907,0.000028,0.486890,0.000000,manual
13.553000,0.000034,0.000027,-0.000020,0.306905,0.000015,0.486886,0.306878,0.000035,0.486882,0.000000,manual
13.652000,0.000053,0.000048,-0.000023,0.306905,0.000015,0.486886,0.306857,0.000038,0.486874,0.000000,manual
13.753000,0.000061,0.000054,-0.000028,0.306905,0.000015,0.486886,0.306851,0.000042,0.486869,0.000000,manual
13.853000,0.000065,0.000059,-0.000026,0.306905,0.000015,0.486886,0.306846,0.000041,0.486869,0.000000,manual
13.953000,0.000062,0.000056,-0.000024,0.306905,0.000015,0.486886,0.306848,0.000039,0.486876,0.000000,manual
14.049000,0.000051,0.000045,-0.000024,0.306905,0.000015,0.486886,0.306860,0.000039,0.486872,0.000000,manual
14.145000,0.000039,0.000028,-0.000027,0.306905,0.000015,0.486886,0.306877,0.000042,0.486875,0.000000,manual
14.242000,0.000030,0.000020,-0.000023,0.306905,0.000015,0.486886,0.306885,0.000037,0.486876,0.000000,manual
14.333000,0.000027,0.000019,-0.000019,0.306905,0.000015,0.486886,0.306886,0.000034,0.486884,0.000000,manual
14.430000,0.000020,0.000008,-0.000019,0.306905,0.000015,0.486886,0.306897,0.000033,0.486889,0.000000,manual
14.521000,0.000023,-0.000004,-0.000022,0.306905,0.000015,0.486886,0.306909,0.000037,0.486885,0.000000,manual
14.596000,0.000015,-0.000001,-0.000015,0.306905,0.000015,0.486886,0.306906,0.000029,0.486882,0.000000,manual
14.693000,0.000015,-0.000004,-0.000014,0.306905,0.000015,0.486886,0.306909,0.000029,0.486883,0.000000,manual
14.791000,0.000015,-0.000006,-0.000014,0.306905,0.000015,0.486886,0.306911,0.000028,0.486883,0.000000,manual
14.889000,0.000015,-0.000007,-0.000014,0.306905,0.000015,0.486886,0.306912,0.000028,0.486884,0.000000,manual
14.987000,0.000018,-0.000009,-0.000016,0.306905,0.000015,0.486886,0.306914,0.000030,0.486881,0.000000,manual
15.085000,0.000016,-0.000007,-0.000014,0.306905,0.000015,0.486886,0.306912,0.000029,0.486884,0.000000,manual
15.180000,0.000020,-0.000011,-0.000017,0.306905,0.000015,0.486886,0.306916,0.000031,0.486884,0.000000,manual
15.280000,0.000018,-0.000008,-0.000017,0.306905,0.000015,0.486886,0.306913,0.000031,0.486881,0.000000,manual
15.373000,0.000020,-0.000009,-0.000018,0.306905,0.000015,0.486886,0.306914,0.000033,0.486890,0.000000,manual
15.472000,0.000018,-0.000007,-0.000016,0.306905,0.000015,0.486886,0.306912,0.000031,0.486886,0.000000,manual
15.572000,0.000025,-0.000012,-0.000022,0.306905,0.000015,0.486886,0.306916,0.000037,0.486887,0.000000,manual
15.668000,0.000018,-0.000006,-0.000016,0.306905,0.000015,0.486886,0.306911,0.000031,0.486886,0.000000,manual
15.768000,0.000020,-0.000009,-0.000018,0.306905,0.000015,0.486886,0.306914,0.000032,0.486884,0.000000,manual
15.866000,0.000025,-0.000011,-0.000022,0.306905,0.000015,0.486886,0.306916,0.000037,0.486887,0.000000,manual
15.965000,0.000024,-0.000012,-0.000021,0.306905,0.000015,0.486886,0.306917,0.000035,0.486885,0.000000,manual
16.065000,0.000017,-0.000005,-0.000016,0.306905,0.000015,0.486886,0.306910,0.000031,0.486883,0.000000,manual
16.166000,0.000020,-0.000006,-0.000019,0.306905,0.000015,0.486886,0.306911,0.000033,0.486892,0.000000,manual
16.266000,0.000017,-0.000003,-0.000017,0.306905,0.000015,0.486886,0.306908,0.000031,0.486888,0.000000,manual
16.364000,0.000021,-0.000007,-0.000020,0.306905,0.000015,0.486886,0.306912,0.000034,0.486890,0.000000,manual
16.460000,0.000019,-0.000004,-0.000019,0.306905,0.000015,0.486886,0.306909,0.000033,0.486885,0.000000,manual
16.559000,0.000022,-0.000009,-0.000021,0.306905,0.000015,0.486886,0.306913,0.000035,0.486889,0.000000,manual
16.659000,0.000022,-0.000009,-0.000021,0.306905,0.000015,0.486886,0.306914,0.000035,0.486889,0.000000,manual
16.759000,0.000023,-0.000009,-0.000021,0.306905,0.000015,0.486886,0.306914,0.000035,0.486890,0.000000,manual
16.857000,0.000023,-0.000007,-0.000021,0.306905,0.000015,0.486886,0.306912,0.000036,0.486889,0.000000,manual
16.957000,0.000023,-0.000007,-0.000022,0.306905,0.000015,0.486886,0.306912,0.000036,0.486889,0.000000,manual
17.057000,0.000023,-0.000007,-0.000022,0.306905,0.000015,0.486886,0.306912,0.000036,0.486889,0.000000,manual
17.154000,0.000023,-0.000009,-0.000021,0.306905,0.000015,0.486886,0.306914,0.000036,0.486890,0.000000,manual
17.251000,0.000020,-0.000005,-0.000019,0.306905,0.000015,0.486886,0.306910,0.000033,0.486886,0.000000,manual
17.351000,0.000020,-0.000005,-0.000019,0.306905,0.000015,0.486886,0.306910,0.000034,0.486886,0.000000,manual
17.451000,0.000021,-0.000004,-0.000020,0.306905,0.000015,0.486886,0.306909,0.000035,0.486885,0.000000,manual
17.549000,0.000024,-0.000008,-0.000022,0.306905,0.000015,0.486886,0.306913,0.000037,0.486890,0.000000,manual
17.644000,0.000024,-0.000008,-0.000022,0.306905,0.000015,0.486886,0.306913,0.000037,0.486890,0.000000,manual
17.744000,0.000020,-0.000004,-0.000019,0.306905,0.000015,0.486886,0.306909,0.000034,0.486887,0.000000,manual
17.843000,0.000020,-0.000004,-0.000020,0.306905,0.000015,0.486886,0.306909,0.000034,0.486887,0.000000,manual
17.937000,0.000021,-0.000004,-0.000020,0.306905,0.000015,0.486886,0.306909,0.000035,0.486885,0.000000,manual
18.034000,0.000020,-0.000004,-0.000020,0.306905,0.000015,0.486886,0.306909,0.000035,0.486887,0.000000,manual
18.130000,0.000022,-0.000004,-0.000022,0.306905,0.000015,0.486886,0.306908,0.000036,0.486885,0.000000,manual
18.227000,0.000021,-0.000004,-0.000021,0.306905,0.000015,0.486886,0.306909,0.000035,0.486885,0.000000,manual
18.321000,0.000021,-0.000004,-0.000021,0.306905,0.000015,0.486886,0.306909,0.000036,0.486885,0.000000,manual
18.419000,0.000021,-0.000003,-0.000021,0.306905,0.000015,0.486886,0.306908,0.000035,0.486887,0.000000,manual
18.511000,0.000022,-0.000004,-0.000021,0.306905,0.000015,0.486886,0.306909,0.000036,0.486885,0.000000,manual
18.610000,0.000023,-0.000003,-0.000023,0.306905,0.000015,0.486886,0.306908,0.000037,0.486885,0.000000,manual
18.705000,0.000023,-0.000003,-0.000023,0.306905,0.000015,0.486886,0.306908,0.000038,0.486885,0.000000,manual
18.796000,0.000024,-0.000003,-0.000023,0.306905,0.000015,0.486886,0.306908,0.000038,0.486885,0.000000,manual
18.888000,0.000022,-0.000003,-0.000022,0.306905,0.000015,0.486886,0.306908,0.000036,0.486887,0.000000,manual
18.986000,0.000023,-0.000004,-0.000022,0.306905,0.000015,0.486886,0.306909,0.000037,0.486885,0.000000,manual
19.085000,0.000024,-0.000003,-0.000024,0.306905,0.000015,0.486886,0.306908,0.000039,0.486885,0.000000,manual
19.183000,0.000023,-0.000003,-0.000023,0.306905,0.000015,0.486886,0.306908,0.000037,0.486887,0.000000,manual
19.283000,0.000023,-0.000003,-0.000023,0.306905,0.000015,0.486886,0.306908,0.000037,0.486887,0.000000,manual
19.383000,0.000023,-0.000003,-0.000023,0.306905,0.000015,0.486886,0.306908,0.000038,0.486887,0.000000,manual
19.483000,0.000024,-0.000003,-0.000023,0.306905,0.000015,0.486886,0.306908,0.000038,0.486887,0.000000,manual
19.583000,0.000028,-0.000005,-0.000027,0.306905,0.000015,0.486886,0.306910,0.000042,0.486889,0.000000,manual
19.683000,0.000028,-0.000005,-0.000027,0.306905,0.000015,0.486886,0.306910,0.000042,0.486888,0.000000,manual
19.779000,0.000024,-0.000003,-0.000024,0.306905,0.000015,0.486886,0.306908,0.000039,0.486887,0.000000,manual
19.875000,0.000026,-0.000003,-0.000026,0.306905,0.000015,0.486886,0.306908,0.000040,0.486885,0.000000,manual
19.974000,0.000028,-0.000007,-0.000027,0.306905,0.000015,0.486886,0.306912,0.000042,0.486889,0.000000,manual
20.073000,0.000025,-0.000003,-0.000025,0.306905,0.000015,0.486886,0.306908,0.000039,0.486887,0.000000,manual
20.172000,0.000029,-0.000005,-0.000028,0.306905,0.000015,0.486886,0.306910,0.000043,0.486888,0.000000,manual
20.267000,0.000029,-0.000005,-0.000029,0.306905,0.000015,0.486886,0.306910,0.000043,0.486888,0.000000,manual
20.364000,0.000026,-0.000003,-0.000026,0.306905,0.000015,0.486886,0.306908,0.000040,0.486887,0.000000,manual
20.463000,0.000026,-0.000003,-0.000026,0.306905,0.000015,0.486886,0.306908,0.000040,0.486887,0.000000,manual
20.563000,0.000026,-0.000003,-0.000026,0.306905,0.000015,0.486886,0.306908,0.000041,0.486887,0.000000,manual
20.661000,0.000026,-0.000003,-0.000026,0.306905,0.000015,0.486886,0.306908,0.000041,0.486884,0.000000,manual
20.762000,0.000030,-0.000005,-0.000030,0.306905,0.000015,0.486886,0.306910,0.000044,0.486888,0.000000,manual
20.860000,0.000028,-0.000003,-0.000028,0.306905,0.000015,0.486886,0.306908,0.000043,0.486884,0.000000,manual
20.960000,0.000030,-0.000007,-0.000030,0.306905,0.000015,0.486886,0.306912,0.000044,0.486888,0.000000,manual
21.058000,0.000027,-0.000003,-0.000027,0.306905,0.000015,0.486886,0.306908,0.000042,0.486886,0.000000,manual
21.157000,0.000028,-0.000003,-0.000027,0.306905,0.000015,0.486886,0.306908,0.000042,0.486884,0.000000,manual
21.249000,0.000031,-0.000007,-0.000030,0.306905,0.000015,0.486886,0.306912,0.000045,0.486887,0.000000,manual
21.287000,0.000031,-0.000005,-0.000031,0.306905,0.000015,0.486886,0.306910,0.000046,0.486887,0.000000,manual
21.387000,0.000028,-0.000003,-0.000028,0.306905,0.000015,0.486886,0.306908,0.000043,0.486884,0.000000,manual
21.486000,0.000028,-0.000003,-0.000028,0.306905,0.000015,0.486886,0.306908,0.000043,0.486884,0.000000,manual
21.586000,0.000029,-0.000003,-0.000029,0.306905,0.000015,0.486886,0.306908,0.000043,0.486883,0.000000,manual
21.686000,0.000029,-0.000003,-0.000029,0.306905,0.000015,0.486886,0.306908,0.000043,0.486883,0.000000,manual
21.707000,0.000050,0.000039,-0.000032,0.306948,0.000015,0.486886,0.306910,0.000047,0.486887,0.000000,manual
21.717000,0.000120,0.000115,-0.000032,0.307031,0.000015,0.486886,0.306915,0.000047,0.486887,0.000000,manual
21.725000,0.000243,0.000230,-0.000081,0.307163,-0.000035,0.486886,0.306933,0.000046,0.486888,0.000000,manual
21.734000,0.000473,0.000430,-0.000197,0.307423,-0.000165,0.486886,0.306992,0.000032,0.486895,0.000000,manual
21.744000,0.000905,0.000812,-0.000399,0.307917,-0.000412,0.486886,0.307105,-0.000013,0.486907,0.000000,manual
21.754000,0.001500,0.001315,-0.000722,0.308619,-0.000825,0.486886,0.307304,-0.000103,0.486925,0.000000,manual
21.764000,0.002308,0.002040,-0.001081,0.309649,-0.001340,0.486886,0.307610,-0.000259,0.486949,0.000000,manual
21.774000,0.003388,0.003030,-0.001516,0.311093,-0.002000,0.486886,0.308063,-0.000484,0.486977,0.000000,manual
21.784000,0.004635,0.004189,-0.001983,0.312907,-0.002763,0.486886,0.308718,-0.000780,0.487007,0.000000,manual
21.794000,0.005858,0.005315,-0.002463,0.314907,-0.003608,0.486886,0.309593,-0.001145,0.487033,0.000000,manual
21.804000,0.007031,0.006364,-0.002991,0.316907,-0.004515,0.486886,0.310544,-0.001524,0.487043,0.000000,manual
21.853000,0.011354,0.010157,-0.005075,0.326707,-0.009062,0.486886,0.316551,-0.003987,0.486656,0.000000,manual
21.871000,0.012417,0.011054,-0.005657,0.330307,-0.010769,0.486886,0.319254,-0.005112,0.486403,0.000000,manual
21.891000,0.013661,0.012102,-0.006336,0.334307,-0.012707,0.486886,0.322205,-0.006371,0.486127,0.000000,manual
21.901000,0.013990,0.012315,-0.006638,0.336307,-0.013779,0.486886,0.323992,-0.007141,0.485959,0.000000,manual
21.911000,0.014475,0.012631,-0.007071,0.338307,-0.014975,0.486886,0.325676,-0.007904,0.485808,0.000000,manual
21.921000,0.015177,0.013082,-0.007695,0.340307,-0.016356,0.486886,0.327226,-0.008661,0.485671,0.000000,manual
21.931000,0.015726,0.013325,-0.008352,0.342307,-0.017944,0.486886,0.328982,-0.009592,0.485527,0.000000,manual
21.940000,0.015968,0.013338,-0.008780,0.344107,-0.019429,0.486886,0.330769,-0.010649,0.485390,0.000000,manual
21.950000,0.016425,0.013524,-0.009321,0.346107,-0.021140,0.486886,0.332583,-0.011819,0.485257,0.000000,manual
21.960000,0.016866,0.013687,-0.009856,0.348107,-0.022934,0.486886,0.334421,-0.013078,0.485121,0.000000,manual
21.970000,0.017342,0.013827,-0.010467,0.350107,-0.024893,0.486886,0.336280,-0.014426,0.484985,0.000000,manual
21.980000,0.017750,0.013927,-0.011005,0.352087,-0.026893,0.486886,0.338160,-0.015888,0.484854,0.000000,manual
21.990000,0.017996,0.013890,-0.011441,0.353943,-0.028893,0.486886,0.340052,-0.017451,0.484725,0.000000,manual
22.000000,0.018152,0.013790,-0.011804,0.355716,-0.030893,0.486886,0.341926,-0.019089,0.484590,0.000000,manual
22.010000,0.018218,0.013614,-0.012106,0.357386,-0.032893,0.486886,0.343772,-0.020787,0.484455,0.000000,manual
22.020000,0.018230,0.013412,-0.012347,0.358994,-0.034893,0.486886,0.345582,-0.022546,0.484314,0.000000,manual
22.030000,0.018443,0.013360,-0.012715,0.360541,-0.036893,0.486886,0.347181,-0.024177,0.484190,0.000000,manual
22.040000,0.018318,0.013049,-0.012856,0.361984,-0.038893,0.486886,0.348936,-0.026037,0.484060,0.000000,manual
22.050000,0.018147,0.012713,-0.012949,0.363366,-0.040893,0.486886,0.350652,-0.027944,0.483938,0.000000,manual
22.059000,0.017723,0.012261,-0.012797,0.364591,-0.042693,0.486886,0.352329,-0.029895,0.483826,0.000000,manual
22.069000,0.017514,0.011951,-0.012802,0.365931,-0.044693,0.486886,0.353980,-0.031890,0.483728,0.000000,manual
22.079000,0.017279,0.011640,-0.012771,0.367251,-0.046693,0.486886,0.355611,-0.033922,0.483645,0.000000,manual
22.099000,0.016773,0.011037,-0.012630,0.369849,-0.050693,0.486886,0.358811,-0.038063,0.483520,0.000000,manual
22.199000,0.015633,0.009472,-0.012437,0.382839,-0.070693,0.486886,0.373367,-0.058256,0.483596,0.000000,manual
22.296000,0.014557,0.008197,-0.012030,0.395240,-0.090093,0.486886,0.387042,-0.078063,0.484716,0.000000,manual
22.327000,0.014135,0.007761,-0.011814,0.399139,-0.096293,0.486886,0.391378,-0.084479,0.485159,0.000000,manual
22.357000,0.012966,0.006957,-0.010941,0.402851,-0.102293,0.486886,0.395894,-0.091351,0.485529,0.000000,manual
22.367000,0.012905,0.006868,-0.010926,0.404067,-0.104293,0.486886,0.397199,-0.093367,0.485615,0.000000,manual
22.386000,0.011947,0.006246,-0.010185,0.406339,-0.108093,0.486886,0.400094,-0.097908,0.485796,0.000000,manual
22.397000,0.011802,0.006083,-0.010114,0.407610,-0.110293,0.486886,0.401526,-0.100179,0.485872,0.000000,manual
22.407000,0.011409,0.005800,-0.009825,0.408744,-0.112293,0.486886,0.402944,-0.102468,0.485942,0.000000,manual
22.417000,0.010983,0.005468,-0.009525,0.409816,-0.114293,0.486886,0.404347,-0.104768,0.486008,0.000000,manual
22.427000,0.010264,0.004978,-0.008976,0.410826,-0.116293,0.486886,0.405848,-0.107317,0.486064,0.000000,manual
22.437000,0.010087,0.004740,-0.008904,0.411795,-0.118293,0.486886,0.407056,-0.109389,0.486112,0.000000,manual
22.447000,0.009632,0.004339,-0.008600,0.412703,-0.120293,0.486886,0.408364,-0.111693,0.486161,0.000000,manual
22.457000,0.008906,0.003790,-0.008059,0.413548,-0.122293,0.486886,0.409758,-0.114234,0.486207,0.000000,manual
22.467000,0.008710,0.003492,-0.007979,0.414352,-0.124293,0.486886,0.410860,-0.116314,0.486243,0.000000,manual
22.477000,0.007980,0.002894,-0.007436,0.415053,-0.126293,0.486886,0.412159,-0.118856,0.486284,0.000000,manual
22.487000,0.007491,0.002326,-0.007121,0.415610,-0.128293,0.486886,0.413284,-0.121172,0.486323,0.000000,manual
22.497000,0.007014,0.001693,-0.006807,0.416022,-0.130293,0.486886,0.414329,-0.123486,0.486358,0.000000,manual
22.507000,0.006575,0.001073,-0.006487,0.416352,-0.132293,0.486886,0.415280,-0.125805,0.486387,0.000000,manual
22.517000,0.006181,0.000472,-0.006163,0.416620,-0.134293,0.486886,0.416149,-0.128130,0.486419,0.000000,manual
22.526000,0.005869,-0.000080,-0.005868,0.416788,-0.136093,0.486886,0.416868,-0.130225,0.486450,0.000000,manual
22.536000,0.005586,-0.000705,-0.005541,0.416891,-0.138093,0.486886,0.417596,-0.132552,0.486488,0.000000,manual
22.546000,0.005380,-0.001350,-0.005208,0.416891,-0.140093,0.486886,0.418241,-0.134885,0.486523,0.000000,manual
22.646000,0.006431,-0.004997,-0.004049,0.416891,-0.160093,0.486886,0.421888,-0.156044,0.487004,0.000000,manual
22.706000,0.006889,-0.005973,-0.003431,0.416767,-0.172093,0.486886,0.422741,-0.168662,0.487481,0.000000,manual
22.745000,0.006904,-0.006187,-0.003064,0.416607,-0.179893,0.486886,0.422794,-0.176829,0.487698,0.000000,manual
22.775000,0.006762,-0.006182,-0.002740,0.416421,-0.185893,0.486886,0.422603,-0.183153,0.487799,0.000000,manual
22.814000,0.006468,-0.006008,-0.002396,0.416100,-0.193693,0.486886,0.422108,-0.191297,0.487857,0.000000,manual
22.915000,0.005982,-0.004975,-0.003321,0.415267,-0.213893,0.486886,0.420242,-0.210572,0.487736,0.000000,manual
22.935000,0.006143,-0.005018,-0.003544,0.414854,-0.217893,0.486886,0.419872,-0.214349,0.487761,0.000000,manual
22.944000,0.006286,-0.005178,-0.003563,0.414483,-0.219693,0.486886,0.419661,-0.216129,0.487775,0.000000,manual
22.954000,0.006483,-0.005418,-0.003560,0.413926,-0.221693,0.486886,0.419344,-0.218132,0.487784,0.000000,manual
22.964000,0.006691,-0.005678,-0.003540,0.413246,-0.223693,0.486886,0.418924,-0.220152,0.487777,0.000000,manual
22.975000,0.007096,-0.006051,-0.003707,0.412362,-0.225893,0.486886,0.418413,-0.222186,0.487761,0.000000,manual
22.985000,0.007315,-0.006334,-0.003658,0.411475,-0.227893,0.486886,0.417809,-0.224235,0.487745,0.000000,manual
22.994000,0.007375,-0.006549,-0.003390,0.410566,-0.229693,0.486886,0.417115,-0.226302,0.487722,0.000000,manual
23.004000,0.007636,-0.006880,-0.003312,0.409452,-0.231693,0.486886,0.416332,-0.228380,0.487694,0.000000,manual
23.014000,0.007882,-0.007195,-0.003220,0.408256,-0.233693,0.486886,0.415451,-0.230473,0.487670,0.000000,manual
23.024000,0.008314,-0.007621,-0.003324,0.406957,-0.235693,0.486886,0.414578,-0.232368,0.487646,0.000000,manual
23.034000,0.008566,-0.007944,-0.003206,0.405576,-0.237693,0.486886,0.413520,-0.234486,0.487620,0.000000,manual
23.043000,0.008625,-0.008131,-0.002879,0.404240,-0.239493,0.486886,0.412370,-0.236613,0.487592,0.000000,manual
23.053000,0.008865,-0.008431,-0.002742,0.402693,-0.241493,0.486886,0.411124,-0.238751,0.487572,0.000000,manual
23.063000,0.009275,-0.008839,-0.002811,0.401085,-0.243493,0.486886,0.409924,-0.240682,0.487552,0.000000,manual
23.073000,0.009478,-0.009098,-0.002657,0.399415,-0.245493,0.486886,0.408513,-0.242836,0.487531,0.000000,manual
23.083000,0.009428,-0.009147,-0.002285,0.397724,-0.247493,0.486886,0.406872,-0.245208,0.487513,0.000000,manual
23.093000,0.009755,-0.009471,-0.002338,0.395992,-0.249493,0.486886,0.405464,-0.247155,0.487501,0.000000,manual
23.103000,0.009840,-0.009598,-0.002172,0.394240,-0.251493,0.486886,0.403837,-0.249321,0.487489,0.000000,manual
23.132000,0.009953,-0.009795,-0.001765,0.389097,-0.257293,0.486886,0.398893,-0.255527,0.487457,0.000000,manual
23.158000,0.006313,-0.004947,0.003922,0.389097,-0.257293,0.486886,0.394045,-0.261215,0.487442,0.000000,manual
23.188000,0.007836,-0.001609,0.007669,0.389097,-0.257293,0.486886,0.390706,-0.264961,0.487302,0.000000,manual
23.218000,0.009946,0.000278,0.009942,0.389097,-0.257293,0.486886,0.388820,-0.267234,0.487332,0.000000,manual
23.227000,0.010519,0.000706,0.010495,0.389097,-0.257293,0.486886,0.388391,-0.267788,0.487376,0.000000,manual
23.247000,0.011430,0.001331,0.011352,0.389097,-0.257293,0.486886,0.387767,-0.268645,0.487484,0.000000,manual
23.296000,0.012484,0.001885,0.012341,0.389097,-0.257293,0.486886,0.387212,-0.269633,0.487809,0.000000,manual
23.322000,0.007638,-0.002513,0.007213,0.384755,-0.262493,0.486886,0.387269,-0.269705,0.487972,0.000000,manual
23.323000,0.007503,-0.002675,0.007010,0.384600,-0.262693,0.486886,0.387276,-0.269703,0.487980,0.000000,manual
23.332000,0.006781,-0.003401,0.005866,0.383710,-0.264159,0.486886,0.387111,-0.270025,0.488074,0.000000,manual
23.341000,0.006885,-0.003236,0.006077,0.383413,-0.264641,0.486886,0.386649,-0.270718,0.488124,0.000000,manual
23.351000,0.007215,-0.002810,0.006645,0.383413,-0.264641,0.486886,0.386222,-0.271287,0.488159,0.000000,manual
23.361000,0.007579,-0.002549,0.007138,0.383413,-0.264435,0.486886,0.385962,-0.271572,0.488155,0.000000,manual
23.370000,0.008106,-0.002375,0.007750,0.383413,-0.263915,0.486886,0.385787,-0.271665,0.488131,0.000000,manual
23.380000,0.009095,-0.002128,0.008843,0.383516,-0.262740,0.486886,0.385644,-0.271583,0.488093,0.000000,manual
23.390000,0.010352,-0.001906,0.010175,0.383640,-0.261070,0.486886,0.385545,-0.271245,0.488046,0.000000,manual
23.400000,0.011582,-0.001864,0.011431,0.383640,-0.259173,0.486886,0.385504,-0.270604,0.487989,0.000000,manual
23.410000,0.012658,-0.001845,0.012523,0.383640,-0.257173,0.486886,0.385485,-0.269696,0.487935,0.000000,manual
23.420000,0.013579,-0.001929,0.013441,0.383557,-0.255173,0.486886,0.385486,-0.268614,0.487905,0.000000,manual
23.430000,0.014427,-0.002329,0.014238,0.383166,-0.253173,0.486886,0.385494,-0.267411,0.487900,0.000000,manual
23.440000,0.015342,-0.002876,0.015071,0.382568,-0.251173,0.486886,0.385443,-0.266243,0.487920,0.000000,manual
23.449000,0.015994,-0.003350,0.015639,0.381955,-0.249373,0.486886,0.385306,-0.265012,0.487954,0.000000,manual
23.487000,0.018092,-0.004770,0.017452,0.379448,-0.241773,0.486886,0.384218,-0.259225,0.488254,0.000000,manual
23.506000,0.019052,-0.005340,0.018289,0.378234,-0.237973,0.486886,0.383574,-0.256262,0.488432,0.000000,manual
23.526000,0.019452,-0.005737,0.018587,0.376996,-0.233973,0.486886,0.382733,-0.252560,0.488645,0.000000,manual
23.546000,0.019820,-0.006063,0.018870,0.375801,-0.229973,0.486886,0.381864,-0.248843,0.488846,0.000000,manual
23.566000,0.020203,-0.006334,0.019185,0.374646,-0.225973,0.486886,0.380980,-0.245157,0.489026,0.000000,manual
23.576000,0.020229,-0.006420,0.019183,0.374089,-0.223973,0.486886,0.380509,-0.243156,0.489111,0.000000,manual
23.586000,0.019987,-0.006417,0.018928,0.373553,-0.221973,0.486886,0.379970,-0.240901,0.489202,0.000000,manual
23.624000,0.019697,-0.006461,0.018607,0.371595,-0.214373,0.486886,0.378056,-0.232980,0.489461,0.000000,manual
23.634000,0.019551,-0.006430,0.018464,0.371100,-0.212373,0.486886,0.377530,-0.230836,0.489511,0.000000,manual
23.644000,0.019334,-0.006369,0.018255,0.370626,-0.210373,0.486886,0.376994,-0.228628,0.489542,0.000000,manual
23.654000,0.019312,-0.006341,0.018241,0.370172,-0.208373,0.486886,0.376513,-0.226614,0.489567,0.000000,manual
23.664000,0.019035,-0.006244,0.017981,0.369739,-0.206373,0.486886,0.375983,-0.224354,0.489592,0.000000,manual
23.684000,0.018431,-0.006021,0.017420,0.368914,-0.202373,0.486886,0.374935,-0.219792,0.489619,0.000000,manual
23.694000,0.017870,-0.005842,0.016889,0.368522,-0.200373,0.486886,0.374364,-0.217262,0.489628,0.000000,manual
23.733000,0.016567,-0.005325,0.015687,0.367075,-0.192573,0.486886,0.372400,-0.208260,0.489594,0.000000,manual
23.822000,0.014207,-0.004192,0.013574,0.363956,-0.174773,0.486886,0.368148,-0.188347,0.489188,0.000000,manual
23.902000,0.012158,-0.003114,0.011752,0.361317,-0.158773,0.486886,0.364431,-0.170525,0.488492,0.000000,manual
23.922000,0.011543,-0.002814,0.011194,0.360698,-0.154773,0.486886,0.363512,-0.165967,0.488287,0.000000,manual
23.942000,0.010792,-0.002495,0.010499,0.360121,-0.150773,0.486886,0.362616,-0.161272,0.488094,0.000000,manual
23.960000,0.010341,-0.002252,0.010093,0.359638,-0.147173,0.486886,0.361890,-0.157266,0.487956,0.000000,manual
23.969000,0.009753,-0.002064,0.009532,0.359416,-0.145373,0.486886,0.361479,-0.154905,0.487879,0.000000,manual
23.999000,0.008648,-0.001602,0.008498,0.358736,-0.139373,0.486886,0.360337,-0.147871,0.487689,0.000000,manual
24.009000,0.008292,-0.001446,0.008165,0.358529,-0.137373,0.486886,0.359975,-0.145538,0.487627,0.000000,manual
24.029000,0.007560,-0.001136,0.007474,0.358158,-0.133373,0.486886,0.359295,-0.140847,0.487510,0.000000,manual
24.039000,0.007202,-0.000981,0.007134,0.357993,-0.131373,0.486886,0.358975,-0.138507,0.487450,0.000000,manual
24.049000,0.006833,-0.000802,0.006785,0.357870,-0.129373,0.486886,0.358671,-0.136158,0.487394,0.000000,manual
24.059000,0.006463,-0.000562,0.006438,0.357828,-0.127373,0.486886,0.358390,-0.133811,0.487340,0.000000,manual
24.069000,0.006106,-0.000324,0.006097,0.357828,-0.125373,0.486886,0.358153,-0.131470,0.487283,0.000000,manual
24.168000,0.005136,0.001035,0.005031,0.357828,-0.105573,0.486886,0.356794,-0.110604,0.486772,0.000000,manual
24.218000,0.004433,0.000533,0.004401,0.356901,-0.095573,0.486886,0.356368,-0.099974,0.486298,0.000000,manual
24.228000,0.004276,-0.000170,0.004273,0.356097,-0.093800,0.486886,0.356266,-0.098072,0.486228,0.000000,manual
24.238000,0.003755,-0.001285,0.003528,0.354695,-0.092418,0.486886,0.355979,-0.095946,0.486150,0.000000,manual
24.248000,0.003752,-0.002703,0.002602,0.352695,-0.091346,0.486886,0.355397,-0.093948,0.486095,0.000000,manual
24.257000,0.003839,-0.003573,0.001404,0.350895,-0.090733,0.486886,0.354467,-0.092138,0.486060,0.000000,manual
24.267000,0.004393,-0.004388,0.000214,0.348895,-0.090342,0.486886,0.353282,-0.090556,0.486053,0.000000,manual
24.277000,0.005142,-0.005062,-0.000901,0.346895,-0.090115,0.486886,0.351957,-0.089214,0.486073,0.000000,manual
24.287000,0.005986,-0.005624,-0.002051,0.344895,-0.090115,0.486886,0.350519,-0.088064,0.486095,0.000000,manual
24.307000,0.007545,-0.006456,-0.003906,0.340895,-0.090197,0.486886,0.347350,-0.086292,0.486137,0.000000,manual
24.316000,0.008269,-0.006717,-0.004824,0.339095,-0.090476,0.486886,0.345811,-0.085652,0.486135,0.000000,manual
24.326000,0.009068,-0.006924,-0.005856,0.337095,-0.090950,0.486886,0.344018,-0.085094,0.486123,0.000000,manual
24.337000,0.010038,-0.007253,-0.006939,0.334895,-0.091653,0.486886,0.342148,-0.084714,0.486107,0.000000,manual
24.347000,0.010730,-0.007314,-0.007851,0.332895,-0.092354,0.486886,0.340208,-0.084503,0.486080,0.000000,manual
24.356000,0.011189,-0.007110,-0.008639,0.331095,-0.093078,0.486886,0.338204,-0.084438,0.486038,0.000000,manual
24.366000,0.011782,-0.007052,-0.009438,0.329095,-0.093944,0.486886,0.336146,-0.084505,0.485977,0.000000,manual
24.377000,0.012510,-0.007147,-0.010267,0.326895,-0.094964,0.486886,0.334041,-0.084697,0.485899,0.000000,manual
24.387000,0.012995,-0.006997,-0.010951,0.324895,-0.095954,0.486886,0.331892,-0.085003,0.485804,0.000000,manual
24.397000,0.013421,-0.006808,-0.011566,0.322895,-0.096985,0.486886,0.329702,-0.085419,0.485693,0.000000,manual
24.407000,0.013641,-0.006361,-0.012067,0.320895,-0.098057,0.486886,0.327256,-0.085990,0.485554,0.000000,manual
24.417000,0.013988,-0.006109,-0.012584,0.318895,-0.099191,0.486886,0.325003,-0.086607,0.485414,0.000000,manual
24.427000,0.014438,-0.006062,-0.013103,0.316895,-0.100346,0.486886,0.322957,-0.087242,0.485280,0.000000,manual
24.437000,0.014514,-0.005540,-0.013415,0.314895,-0.101521,0.486886,0.320434,-0.088106,0.485104,0.000000,manual
24.447000,0.014712,-0.005231,-0.013750,0.312895,-0.102717,0.486886,0.318126,-0.088967,0.484935,0.000000,manual
24.547000,0.016309,-0.004128,-0.015778,0.292895,-0.114676,0.486886,0.297023,-0.098898,0.483071,0.000000,manual
24.644000,0.016702,-0.004661,-0.016038,0.273495,-0.126276,0.486886,0.278155,-0.110238,0.482085,0.000000,manual
24.742000,0.016156,-0.005619,-0.015147,0.253895,-0.137996,0.486886,0.259513,-0.122849,0.481983,0.000000,manual
24.841000,0.015164,-0.006653,-0.013627,0.234095,-0.149835,0.486886,0.240747,-0.136208,0.482514,0.000000,manual
24.941000,0.014406,-0.007833,-0.012091,0.214095,-0.161794,0.486886,0.221928,-0.149703,0.483360,0.000000,manual
25.038000,0.013772,-0.008723,-0.010658,0.194695,-0.173394,0.486886,0.203417,-0.162737,0.484220,0.000000,manual
25.117000,0.013172,-0.008969,-0.009647,0.178895,-0.183005,0.486886,0.187863,-0.173358,0.484863,0.000000,manual
25.137000,0.013162,-0.009096,-0.009514,0.174895,-0.185479,0.486886,0.183990,-0.175965,0.485024,0.000000,manual
25.157000,0.012475,-0.008602,-0.009035,0.170895,-0.187995,0.486886,0.179496,-0.178959,0.485180,0.000000,manual
25.177000,0.012255,-0.008477,-0.008850,0.166895,-0.190551,0.486886,0.175371,-0.181701,0.485285,0.000000,manual
25.187000,0.012016,-0.008292,-0.008696,0.164895,-0.191850,0.486886,0.173186,-0.183154,0.485331,0.000000,manual
25.196000,0.011528,-0.007882,-0.008413,0.163095,-0.193038,0.486886,0.170976,-0.184625,0.485375,0.000000,manual
25.206000,0.011276,-0.007665,-0.008271,0.161095,-0.194378,0.486886,0.168759,-0.186108,0.485407,0.000000,manual
25.216000,0.011024,-0.007441,-0.008135,0.159095,-0.195739,0.486886,0.166535,-0.187604,0.485437,0.000000,manual
25.226000,0.010794,-0.007213,-0.008031,0.157095,-0.197141,0.486886,0.164307,-0.189110,0.485463,0.000000,manual
25.236000,0.010567,-0.006984,-0.007930,0.155095,-0.198564,0.486886,0.162078,-0.190633,0.485480,0.000000,manual
25.245000,0.010367,-0.006777,-0.007845,0.153295,-0.199863,0.486886,0.160071,-0.192018,0.485494,0.000000,manual
25.255000,0.010155,-0.006551,-0.007759,0.151295,-0.201327,0.486886,0.157845,-0.193567,0.485506,0.000000,manual
25.265000,0.009956,-0.006328,-0.007686,0.149295,-0.202811,0.486886,0.155623,-0.195126,0.485513,0.000000,manual
25.285000,0.009625,-0.005911,-0.007595,0.145295,-0.205863,0.486886,0.151206,-0.198268,0.485509,0.000000,manual
25.295000,0.009486,-0.005725,-0.007564,0.143295,-0.207409,0.486886,0.149019,-0.199845,0.485504,0.000000,manual
25.305000,0.009351,-0.005526,-0.007543,0.141295,-0.208997,0.486886,0.146821,-0.201454,0.485498,0.000000,manual
25.315000,0.009267,-0.005330,-0.007581,0.139295,-0.210667,0.486886,0.144624,-0.203086,0.485494,0.000000,manual
25.325000,0.009232,-0.005139,-0.007669,0.137295,-0.212420,0.486886,0.142434,-0.204751,0.485492,0.000000,manual
25.335000,0.009482,-0.005173,-0.007946,0.135295,-0.214234,0.486886,0.140468,-0.206288,0.485488,0.000000,manual
25.345000,0.009513,-0.004996,-0.008096,0.133295,-0.216131,0.486886,0.138291,-0.208035,0.485479,0.000000,manual
25.355000,0.009321,-0.004610,-0.008101,0.131295,-0.218110,0.486886,0.135904,-0.210009,0.485472,0.000000,manual
25.365000,0.009642,-0.004664,-0.008439,0.129295,-0.220110,0.486886,0.133959,-0.211672,0.485461,0.000000,manual
25.385000,0.009636,-0.004217,-0.008664,0.125459,-0.224110,0.486886,0.129676,-0.215446,0.485413,0.000000,manual
25.394000,0.009256,-0.003528,-0.008557,0.124049,-0.225910,0.486886,0.127577,-0.217353,0.485377,0.000000,manual
25.404000,0.008914,-0.002283,-0.008616,0.123286,-0.227910,0.486886,0.125570,-0.219294,0.485330,0.000000,manual
25.415000,0.008869,-0.000544,-0.008852,0.123286,-0.230110,0.486886,0.123830,-0.221258,0.485270,0.000000,manual
25.425000,0.008977,0.001423,-0.008863,0.123925,-0.232110,0.486886,0.122502,-0.223247,0.485193,0.000000,manual
25.435000,0.009488,0.003956,-0.008624,0.125575,-0.233884,0.486886,0.121619,-0.225259,0.485112,0.000000,manual
25.445000,0.010301,0.006319,-0.008135,0.127575,-0.235574,0.486886,0.121256,-0.227439,0.485013,0.000000,manual
25.455000,0.011295,0.008105,-0.007867,0.129575,-0.237244,0.486886,0.121470,-0.229378,0.484929,0.000000,manual
25.514000,0.015840,0.014395,-0.006609,0.141375,-0.246977,0.486886,0.126980,-0.240368,0.485056,0.000000,manual
25.574000,0.017309,0.016431,-0.005442,0.153375,-0.256750,0.486886,0.136944,-0.251308,0.485822,0.000000,manual
25.674000,0.016216,0.015676,-0.004153,0.173375,-0.273039,0.486886,0.157699,-0.268886,0.487087,0.000000,manual
25.775000,0.014872,0.014243,-0.004278,0.193575,-0.289491,0.486886,0.179332,-0.285213,0.487799,0.000000,manual
25.873000,0.013260,0.012467,-0.004516,0.213175,-0.305252,0.486886,0.200708,-0.300736,0.487906,0.000000,manual
25.973000,0.012857,0.011566,-0.005617,0.233175,-0.321334,0.486886,0.221609,-0.315718,0.487671,0.000000,manual
26.069000,0.012586,0.010250,-0.007304,0.252375,-0.336774,0.486886,0.242125,-0.329470,0.486325,0.000000,manual
26.167000,0.013901,0.009613,-0.010041,0.271975,-0.352535,0.486886,0.262362,-0.342493,0.485267,0.000000,manual
26.177000,0.014030,0.009607,-0.010225,0.273975,-0.354122,0.486886,0.264368,-0.343898,0.485221,0.000000,manual
26.237000,0.014153,0.008932,-0.010979,0.285975,-0.363524,0.486886,0.277043,-0.352545,0.484875,0.000000,manual
26.255000,0.014042,0.008675,-0.011042,0.289575,-0.366197,0.486886,0.280900,-0.355155,0.484777,0.000000,manual
26.264000,0.014028,0.008726,-0.010984,0.291375,-0.367310,0.486886,0.282649,-0.356326,0.484724,0.000000,manual
26.272000,0.013543,0.008338,-0.010672,0.292975,-0.368267,0.486886,0.284637,-0.357595,0.484664,0.000000,manual
26.281000,0.013258,0.008141,-0.010465,0.294775,-0.369269,0.486886,0.286634,-0.358804,0.484597,0.000000,manual
26.291000,0.012923,0.007915,-0.010215,0.296775,-0.370320,0.486886,0.288860,-0.360105,0.484524,0.000000,manual
26.300000,0.012621,0.007711,-0.009992,0.298575,-0.371230,0.486886,0.290864,-0.361238,0.484459,0.000000,manual
26.310000,0.012263,0.007478,-0.009719,0.300575,-0.372178,0.486886,0.293097,-0.362459,0.484394,0.000000,manual
26.320000,0.011903,0.007242,-0.009446,0.302575,-0.373085,0.486886,0.295333,-0.363639,0.484336,0.000000,manual
26.330000,0.011532,0.007029,-0.009142,0.304575,-0.373931,0.486886,0.297546,-0.364789,0.484303,0.000000,manual
26.340000,0.011150,0.006786,-0.008848,0.306575,-0.374735,0.486886,0.299789,-0.365887,0.484240,0.000000,manual
26.350000,0.010791,0.006552,-0.008574,0.308575,-0.375518,0.486886,0.302023,-0.366944,0.484213,0.000000,manual
26.360000,0.010652,0.006544,-0.008405,0.310575,-0.376281,0.486886,0.304031,-0.367876,0.484200,0.000000,manual
26.369000,0.010121,0.006116,-0.008064,0.312375,-0.376949,0.486886,0.306259,-0.368885,0.484216,0.000000,manual
26.379000,0.009772,0.005895,-0.007793,0.314375,-0.377671,0.486886,0.308481,-0.369877,0.484208,0.000000,manual
26.389000,0.009438,0.005675,-0.007541,0.316375,-0.378372,0.486886,0.310700,-0.370831,0.484199,0.000000,manual
26.399000,0.009308,0.005686,-0.007369,0.318375,-0.379032,0.486886,0.312689,-0.371663,0.484221,0.000000,manual
26.409000,0.008943,0.005480,-0.007068,0.320375,-0.379629,0.486886,0.314895,-0.372561,0.484242,0.000000,manual
26.417000,0.008437,0.005097,-0.006723,0.321975,-0.380058,0.486886,0.316878,-0.373335,0.484260,0.000000,manual
26.426000,0.008087,0.004923,-0.006416,0.323775,-0.380485,0.486886,0.318853,-0.374069,0.484286,0.000000,manual
26.436000,0.007724,0.004736,-0.006101,0.325775,-0.380939,0.486886,0.321039,-0.374837,0.484314,0.000000,manual
26.453000,0.007163,0.004445,-0.005617,0.329175,-0.381675,0.486886,0.324730,-0.376058,0.484377,0.000000,manual
26.472000,0.006610,0.004169,-0.005129,0.332975,-0.382458,0.486886,0.328806,-0.377329,0.484471,0.000000,manual
26.492000,0.005852,0.003469,-0.004713,0.336522,-0.383283,0.486886,0.333053,-0.378570,0.484587,0.000000,manual
26.502000,0.005440,0.002998,-0.004540,0.338109,-0.383695,0.486886,0.335111,-0.379156,0.484655,0.000000,manual
26.512000,0.005006,0.002435,-0.004374,0.339512,-0.384108,0.486886,0.337077,-0.379733,0.484726,0.000000,manual
26.522000,0.004591,0.001802,-0.004223,0.340728,-0.384520,0.486886,0.338926,-0.380298,0.484794,0.000000,manual
26.532000,0.004231,0.001127,-0.004078,0.341780,-0.384932,0.486886,0.340653,-0.380854,0.484859,0.000000,manual
26.542000,0.003955,0.000311,-0.003943,0.342563,-0.385345,0.486886,0.342252,-0.381402,0.484935,0.000000,manual
26.550000,0.003606,-0.000848,-0.003505,0.342563,-0.385345,0.486886,0.343411,-0.381840,0.484987,0.000000,manual
26.551000,0.003589,-0.000988,-0.003451,0.342563,-0.385345,0.486886,0.343551,-0.381894,0.484998,0.000000,manual
26.561000,0.003669,-0.002078,-0.003024,0.342563,-0.385345,0.486886,0.344641,-0.382321,0.485054,0.000000,manual
26.571000,0.003964,-0.002956,-0.002641,0.342563,-0.385345,0.486886,0.345519,-0.382704,0.485090,0.000000,manual
26.581000,0.004349,-0.003712,-0.002267,0.342563,-0.385345,0.486886,0.346275,-0.383078,0.485145,0.000000,manual
26.591000,0.004751,-0.004357,-0.001896,0.342563,-0.385345,0.486886,0.346920,-0.383448,0.485205,0.000000,manual
26.601000,0.005145,-0.004911,-0.001534,0.342563,-0.385345,0.486886,0.347474,-0.383811,0.485279,0.000000,manual
26.611000,0.005502,-0.005375,-0.001175,0.342563,-0.385345,0.486886,0.347938,-0.384170,0.485352,0.000000,manual
26.621000,0.005823,-0.005764,-0.000826,0.342563,-0.385345,0.486886,0.348328,-0.384519,0.485432,0.000000,manual
26.721000,0.007170,-0.006863,0.002076,0.342563,-0.385345,0.486886,0.349426,-0.387421,0.486351,0.000000,manual
26.821000,0.006843,-0.005727,0.003746,0.342563,-0.385345,0.486886,0.348290,-0.389091,0.487095,0.000000,manual
26.921000,0.006032,-0.004253,0.004278,0.342563,-0.385345,0.486886,0.346816,-0.389622,0.487521,0.000000,manual
27.017000,0.005133,-0.003085,0.004102,0.342563,-0.385345,0.486886,0.345649,-0.389447,0.487683,0.000000,manual
27.115000,0.004282,-0.002230,0.003655,0.342563,-0.385345,0.486886,0.344793,-0.389000,0.487719,0.000000,manual
27.215000,0.003628,-0.001659,0.003227,0.342563,-0.385345,0.486886,0.344222,-0.388572,0.487704,0.000000,manual
27.312000,0.003424,-0.001542,0.003057,0.342563,-0.385345,0.486886,0.344106,-0.388402,0.487670,0.000000,manual
27.369000,0.003424,-0.001585,0.003036,0.342563,-0.385345,0.486886,0.344148,-0.388381,0.487615,0.000000,manual
27.467000,0.003301,-0.001577,0.002900,0.342563,-0.385345,0.486886,0.344140,-0.388245,0.487498,0.000000,manual
27.567000,0.002867,-0.001391,0.002507,0.342563,-0.385345,0.486886,0.343954,-0.387852,0.487347,0.000000,manual
27.647000,0.001455,-0.000808,0.001209,0.342893,-0.386170,0.486886,0.343702,-0.387379,0.487232,0.000000,manual
27.657000,0.001154,-0.000662,0.000945,0.343017,-0.386396,0.486886,0.343679,-0.387341,0.487225,0.000000,manual
27.667000,0.000694,-0.000419,0.000554,0.343265,-0.386809,0.486886,0.343683,-0.387362,0.487222,0.000000,manual
27.677000,0.000151,-0.000148,0.000031,0.343594,-0.387427,0.486886,0.343743,-0.387459,0.487234,0.000000,manual
27.687000,0.000600,0.000162,-0.000578,0.344007,-0.388231,0.486886,0.343844,-0.387654,0.487254,0.000000,manual
27.697000,0.001404,0.000510,-0.001308,0.344502,-0.389262,0.486886,0.343991,-0.387954,0.487277,0.000000,manual
27.706000,0.002203,0.000804,-0.002051,0.344966,-0.390376,0.486886,0.344161,-0.388325,0.487309,0.000000,manual
27.716000,0.003189,0.001103,-0.002992,0.345481,-0.391860,0.486886,0.344378,-0.388868,0.487346,0.000000,manual
27.726000,0.004304,0.001432,-0.004058,0.346038,-0.393613,0.486886,0.344606,-0.389554,0.487386,0.000000,manual
27.736000,0.005440,0.001764,-0.005146,0.346615,-0.395551,0.486886,0.344852,-0.390405,0.487433,0.000000,manual
27.746000,0.006497,0.002148,-0.006131,0.347255,-0.397551,0.486886,0.345107,-0.391420,0.487475,0.000000,manual
27.756000,0.007449,0.002547,-0.007000,0.347935,-0.399551,0.486886,0.345388,-0.392551,0.487515,0.000000,manual
27.766000,0.008319,0.002950,-0.007779,0.348636,-0.401551,0.486886,0.345686,-0.393772,0.487537,0.000000,manual
27.776000,0.009132,0.003370,-0.008487,0.349378,-0.403551,0.486886,0.346009,-0.395064,0.487554,0.000000,manual
27.826000,0.012563,0.005185,-0.011443,0.352987,-0.413551,0.486886,0.347801,-0.402108,0.487407,0.000000,manual
27.856000,0.013963,0.006019,-0.012600,0.355090,-0.419551,0.486886,0.349071,-0.406951,0.487272,0.000000,manual
27.885000,0.014885,0.006643,-0.013320,0.357063,-0.425351,0.486886,0.350420,-0.412030,0.487137,0.000000,manual
27.903000,0.015259,0.006911,-0.013604,0.358214,-0.428951,0.486886,0.351303,-0.415347,0.487046,0.000000,manual
27.913000,0.015383,0.007005,-0.013696,0.358812,-0.430951,0.486886,0.351807,-0.417255,0.486996,0.000000,manual
27.922000,0.015437,0.007039,-0.013738,0.359295,-0.432751,0.486886,0.352255,-0.419013,0.486948,0.000000,manual
27.930000,0.015454,0.007047,-0.013753,0.359690,-0.434351,0.486886,0.352644,-0.420597,0.486916,0.000000,manual
27.940000,0.015642,0.007079,-0.013949,0.360144,-0.436351,0.486886,0.353065,-0.422402,0.486868,0.000000,manual
27.949000,0.015398,0.006997,-0.013717,0.360515,-0.438151,0.486886,0.353519,-0.424434,0.486812,0.000000,manual
27.959000,0.015323,0.006950,-0.013657,0.360907,-0.440151,0.486886,0.353957,-0.426494,0.486759,0.000000,manual
27.969000,0.015218,0.006882,-0.013573,0.361258,-0.442151,0.486886,0.354376,-0.428578,0.486706,0.000000,manual
27.979000,0.015287,0.006826,-0.013678,0.361567,-0.444151,0.486886,0.354740,-0.430473,0.486660,0.000000,manual
27.989000,0.015130,0.006735,-0.013548,0.361856,-0.446151,0.486886,0.355121,-0.432603,0.486609,0.000000,manual
27.998000,0.014757,0.006588,-0.013205,0.362078,-0.447951,0.486886,0.355490,-0.434746,0.486563,0.000000,manual
28.009000,0.014752,0.006490,-0.013248,0.362328,-0.450151,0.486886,0.355838,-0.436903,0.486513,0.000000,manual
28.018000,0.014350,0.006355,-0.012866,0.362513,-0.451951,0.486886,0.356159,-0.439085,0.486468,0.000000,manual
28.029000,0.014314,0.006249,-0.012878,0.362718,-0.454151,0.486886,0.356469,-0.441273,0.486428,0.000000,manual
28.068000,0.013390,0.005970,-0.011985,0.363522,-0.461951,0.486886,0.357552,-0.449966,0.486264,0.000000,manual
28.089000,0.013229,0.005933,-0.011824,0.363998,-0.466151,0.486886,0.358065,-0.454327,0.486216,0.000000,manual
28.108000,0.012674,0.005887,-0.011223,0.364468,-0.469951,0.486886,0.358582,-0.458727,0.486189,0.000000,manual
28.118000,0.012499,0.005893,-0.011023,0.364737,-0.471951,0.486886,0.358843,-0.460928,0.486182,0.000000,manual
28.128000,0.012346,0.005952,-0.010817,0.365067,-0.473951,0.486886,0.359115,-0.463134,0.486174,0.000000,manual
28.138000,0.012264,0.006168,-0.010600,0.365561,-0.475951,0.486886,0.359394,-0.465351,0.486174,0.000000,manual
28.148000,0.012203,0.006532,-0.010308,0.366262,-0.477868,0.486886,0.359731,-0.467560,0.486180,0.000000,manual
28.158000,0.011807,0.007079,-0.009450,0.367232,-0.479188,0.486886,0.360153,-0.469738,0.486184,0.000000,manual
28.168000,0.011308,0.007687,-0.008293,0.368386,-0.480033,0.486886,0.360700,-0.471740,0.486173,0.000000,manual
28.178000,0.010754,0.008324,-0.006809,0.369706,-0.480301,0.486886,0.361382,-0.473492,0.486140,0.000000,manual
28.188000,0.010340,0.008850,-0.005347,0.371046,-0.480301,0.486886,0.362197,-0.474954,0.486072,0.000000,manual
28.198000,0.010121,0.009228,-0.004156,0.372366,-0.480301,0.486886,0.363138,-0.476146,0.485992,0.000000,manual
28.208000,0.009968,0.009518,-0.002960,0.373686,-0.480136,0.486886,0.364167,-0.477176,0.485919,0.000000,manual
28.218000,0.009866,0.009731,-0.001627,0.375005,-0.479683,0.486886,0.365275,-0.478056,0.485862,0.000000,manual
28.228000,0.009748,0.009747,-0.000159,0.376201,-0.478899,0.486886,0.366454,-0.478740,0.485817,0.000000,manual
28.238000,0.009645,0.009542,0.001403,0.377232,-0.477786,0.486886,0.367690,-0.479189,0.485762,0.000000,manual
28.248000,0.009665,0.009207,0.002942,0.378139,-0.476446,0.486886,0.368933,-0.479388,0.485701,0.000000,manual
28.258000,0.009913,0.008776,0.004609,0.378944,-0.474755,0.486886,0.370167,-0.479364,0.485656,0.000000,manual
28.268000,0.010357,0.008208,0.006317,0.379624,-0.472775,0.486886,0.371417,-0.479093,0.485606,0.000000,manual
28.278000,0.011042,0.007753,0.007862,0.380284,-0.470775,0.486886,0.372531,-0.478637,0.485573,0.000000,manual
28.288000,0.011532,0.007066,0.009113,0.380964,-0.468775,0.486886,0.373898,-0.477888,0.485556,0.000000,manual
28.298000,0.012280,0.006558,0.010382,0.381604,-0.466775,0.486886,0.375046,-0.477158,0.485569,0.000000,manual
28.307000,0.012661,0.005783,0.011263,0.382123,-0.464975,0.486886,0.376340,-0.476239,0.485608,0.000000,manual
28.317000,0.013240,0.005021,0.012251,0.382639,-0.462975,0.486886,0.377617,-0.475226,0.485677,0.000000,manual
28.327000,0.013823,0.004259,0.013151,0.383134,-0.460975,0.486886,0.378875,-0.474126,0.485766,0.000000,manual
28.337000,0.014544,0.003617,0.014088,0.383608,-0.458975,0.486886,0.379991,-0.473063,0.485859,0.000000,manual
28.356000,0.015466,0.002053,0.015330,0.384470,-0.455175,0.486886,0.382417,-0.470505,0.486104,0.000000,manual
28.376000,0.016551,0.000546,0.016542,0.385295,-0.451175,0.486886,0.384749,-0.467718,0.486388,0.000000,manual
28.396000,0.017557,-0.000871,0.017535,0.386078,-0.447175,0.486886,0.386949,-0.464710,0.486693,0.000000,manual
28.405000,0.017974,-0.001486,0.017913,0.386412,-0.445375,0.486886,0.387898,-0.463288,0.486832,0.000000,manual
28.425000,0.018820,-0.002794,0.018612,0.387113,-0.441375,0.486886,0.389907,-0.459987,0.487127,0.000000,manual
28.484000,0.021128,-0.005878,0.020294,0.389060,-0.429575,0.486886,0.394938,-0.449869,0.487964,0.000000,manual
28.554000,0.022920,-0.008169,0.021415,0.391226,-0.415575,0.486886,0.399394,-0.436990,0.488656,0.000000,manual
28.575000,0.023354,-0.008640,0.021697,0.391832,-0.411375,0.486886,0.400471,-0.433073,0.488783,0.000000,manual
28.584000,0.023215,-0.008916,0.021435,0.392073,-0.409575,0.486886,0.400989,-0.431011,0.488824,0.000000,manual
28.594000,0.023246,-0.009199,0.021348,0.392279,-0.407575,0.486886,0.401479,-0.428923,0.488856,0.000000,manual
28.603000,0.023265,-0.009515,0.021230,0.392391,-0.405775,0.486886,0.401905,-0.427005,0.488903,0.000000,manual
28.613000,0.023308,-0.009923,0.021090,0.392411,-0.403775,0.486886,0.402335,-0.424866,0.488948,0.000000,manual
28.623000,0.023340,-0.010289,0.020950,0.392411,-0.401775,0.486886,0.402701,-0.422725,0.488953,0.000000,manual
28.722000,0.024320,-0.012484,0.020871,0.392411,-0.381975,0.486886,0.404896,-0.402846,0.489273,0.000000,manual
28.761000,0.024557,-0.013007,0.020830,0.392170,-0.374175,0.486886,0.405177,-0.395005,0.489230,0.000000,manual
28.771000,0.024548,-0.013202,0.020696,0.392026,-0.372175,0.486886,0.405227,-0.392872,0.489253,0.000000,manual
28.781000,0.024348,-0.013421,0.020315,0.391820,-0.370175,0.486886,0.405241,-0.390491,0.489202,0.000000,manual
28.791000,0.024311,-0.013660,0.020110,0.391552,-0.368175,0.486886,0.405212,-0.388285,0.489235,0.000000,manual
28.801000,0.024292,-0.013898,0.019924,0.391263,-0.366175,0.486886,0.405161,-0.386100,0.489211,0.000000,manual
28.811000,0.024288,-0.014153,0.019738,0.390933,-0.364175,0.486886,0.405086,-0.383913,0.489196,0.000000,manual
28.821000,0.024268,-0.014399,0.019535,0.390583,-0.362175,0.486886,0.404982,-0.381710,0.489238,0.000000,manual
28.831000,0.024288,-0.014670,0.019357,0.390191,-0.360175,0.486886,0.404861,-0.379532,0.489217,0.000000,manual
28.841000,0.024324,-0.014962,0.019178,0.389758,-0.358175,0.486886,0.404720,-0.377354,0.489231,0.000000,manual
28.861000,0.024418,-0.015513,0.018857,0.388851,-0.354175,0.486886,0.404364,-0.373032,0.489286,0.000000,manual
28.871000,0.024492,-0.015792,0.018721,0.388377,-0.352175,0.486886,0.404168,-0.370896,0.489311,0.000000,manual
28.880000,0.024765,-0.016101,0.018816,0.387894,-0.350375,0.486886,0.403995,-0.369191,0.489312,0.000000,manual
28.889000,0.024745,-0.016453,0.018483,0.387300,-0.348575,0.486886,0.403753,-0.367059,0.489340,0.000000,manual
28.899000,0.024936,-0.016878,0.018355,0.386579,-0.346575,0.486886,0.403457,-0.364931,0.489386,0.000000,manual
28.908000,0.025295,-0.017290,0.018463,0.385892,-0.344775,0.486886,0.403182,-0.363239,0.489417,0.000000,manual
28.916000,0.025302,-0.017597,0.018181,0.385249,-0.343175,0.486886,0.402846,-0.361356,0.489441,0.000000,manual
28.926000,0.025715,-0.018056,0.018310,0.384424,-0.341175,0.486886,0.402480,-0.359485,0.489476,0.000000,manual
28.946000,0.026250,-0.018881,0.018236,0.382733,-0.337175,0.486886,0.401615,-0.355411,0.489573,0.000000,manual
28.955000,0.026343,-0.019202,0.018034,0.381954,-0.335375,0.486886,0.401156,-0.353410,0.489636,0.000000,manual
28.985000,0.027513,-0.020467,0.018387,0.379294,-0.329375,0.486886,0.399761,-0.347762,0.489826,0.000000,manual
29.002000,0.028133,-0.021142,0.018560,0.377752,-0.325975,0.486886,0.398894,-0.344535,0.489956,0.000000,manual
29.011000,0.028298,-0.021441,0.018468,0.376917,-0.324175,0.486886,0.398358,-0.342643,0.490012,0.000000,manual
29.021000,0.028714,-0.021896,0.018576,0.375906,-0.322175,0.486886,0.397803,-0.340752,0.490094,0.000000,manual
29.031000,0.029365,-0.022484,0.018889,0.374793,-0.320175,0.486886,0.397277,-0.339064,0.490179,0.000000,manual
29.041000,0.029870,-0.023015,0.019041,0.373638,-0.318175,0.486886,0.396653,-0.337216,0.490266,0.000000,manual
29.051000,0.030371,-0.023525,0.019209,0.372463,-0.316175,0.486886,0.395988,-0.335385,0.490342,0.000000,manual
29.060000,0.030661,-0.023911,0.019193,0.371387,-0.314375,0.486886,0.395298,-0.333568,0.490456,0.000000,manual
29.070000,0.031190,-0.024415,0.019408,0.370170,-0.312375,0.486886,0.394586,-0.331784,0.490551,0.000000,manual
29.100000,0.032899,-0.025932,0.020245,0.366459,-0.306375,0.486886,0.392391,-0.326620,0.490882,0.000000,manual
29.150000,0.036042,-0.028407,0.022182,0.360170,-0.296375,0.486886,0.388577,-0.318558,0.491476,0.000000,manual
29.167000,0.037219,-0.029240,0.023028,0.357997,-0.292975,0.486886,0.387237,-0.316003,0.491650,0.000000,manual
29.176000,0.037725,-0.029623,0.023359,0.356810,-0.291175,0.486886,0.386433,-0.314534,0.491736,0.000000,manual
29.185000,0.038225,-0.030010,0.023676,0.355585,-0.289375,0.486886,0.385595,-0.313051,0.491829,0.000000,manual
29.193000,0.038487,-0.030257,0.023786,0.354463,-0.287775,0.486886,0.384720,-0.311561,0.491923,0.000000,manual
29.203000,0.039029,-0.030675,0.024132,0.353040,-0.285775,0.486886,0.383715,-0.309907,0.492027,0.000000,manual
29.213000,0.039558,-0.031073,0.024480,0.351597,-0.283775,0.486886,0.382670,-0.308256,0.492130,0.000000,manual
29.222000,0.040042,-0.031446,0.024790,0.350261,-0.281975,0.486886,0.381707,-0.306765,0.492218,0.000000,manual
29.232000,0.040602,-0.031883,0.025139,0.348715,-0.279975,0.486886,0.380598,-0.305114,0.492314,0.000000,manual
29.242000,0.041209,-0.032390,0.025477,0.347044,-0.277975,0.486886,0.379435,-0.303452,0.492403,0.000000,manual
29.252000,0.041769,-0.032844,0.025806,0.345354,-0.275975,0.486886,0.378198,-0.301781,0.492498,0.000000,manual
29.262000,0.042533,-0.033427,0.026299,0.343601,-0.273975,0.486886,0.377028,-0.300275,0.492571,0.000000,manual
29.272000,0.043051,-0.033837,0.026617,0.341828,-0.271975,0.486886,0.375665,-0.298592,0.492654,0.000000,manual
29.282000,0.043558,-0.034237,0.026928,0.340013,-0.269975,0.486886,0.374250,-0.296904,0.492719,0.000000,manual
29.292000,0.044020,-0.034592,0.027225,0.338178,-0.267975,0.486886,0.372770,-0.295200,0.492789,0.000000,manual
29.309000,0.044733,-0.035114,0.027714,0.335024,-0.264575,0.486886,0.370137,-0.292290,0.492867,0.000000,manual
29.318000,0.045071,-0.035352,0.027958,0.333335,-0.262775,0.486886,0.368687,-0.290733,0.492913,0.000000,manual
29.327000,0.045120,-0.035377,0.028005,0.331628,-0.260975,0.486886,0.367005,-0.288980,0.492932,0.000000,manual
29.337000,0.045412,-0.035577,0.028223,0.329690,-0.258975,0.486886,0.365266,-0.287199,0.492952,0.000000,manual
29.347000,0.045908,-0.035912,0.028599,0.327731,-0.256975,0.486886,0.363642,-0.285574,0.492968,0.000000,manual
29.357000,0.046123,-0.036046,0.028775,0.325731,-0.254975,0.486886,0.361777,-0.283750,0.492969,0.000000,manual
29.406000,0.046459,-0.036121,0.029219,0.315931,-0.245478,0.486886,0.352052,-0.274697,0.492752,0.000000,manual
29.416000,0.046275,-0.035983,0.029096,0.313931,-0.243684,0.486886,0.349914,-0.272780,0.492709,0.000000,manual
29.426000,0.045877,-0.035729,0.028778,0.311931,-0.242035,0.486886,0.347659,-0.270813,0.492615,0.000000,manual
29.435000,0.045060,-0.035196,0.028137,0.310131,-0.240735,0.486886,0.345327,-0.268873,0.492491,0.000000,manual
29.445000,0.044666,-0.035056,0.027679,0.308131,-0.239478,0.486886,0.343187,-0.267156,0.492416,0.000000,manual
29.454000,0.043649,-0.034470,0.026778,0.306331,-0.238568,0.486886,0.340801,-0.265346,0.492324,0.000000,manual
29.463000,0.043131,-0.034328,0.026113,0.304549,-0.237863,0.486886,0.338877,-0.263976,0.492247,0.000000,manual
29.472000,0.041708,-0.033348,0.025049,0.303102,-0.237325,0.486886,0.336449,-0.262374,0.492144,0.000000,manual
29.482000,0.040082,-0.032146,0.023943,0.301927,-0.236954,0.486886,0.334072,-0.260896,0.492017,0.000000,manual
29.492000,0.038541,-0.030981,0.022925,0.301081,-0.236748,0.486886,0.332062,-0.259672,0.491888,0.000000,manual
29.502000,0.036326,-0.029253,0.021537,0.300525,-0.236748,0.486886,0.329777,-0.258285,0.491718,0.000000,manual
29.512000,0.034595,-0.027865,0.020502,0.300174,-0.236748,0.486886,0.328039,-0.257249,0.491561,0.000000,manual
29.522000,0.032562,-0.026145,0.019408,0.300071,-0.236748,0.486886,0.326216,-0.256156,0.491378,0.000000,manual
29.531000,0.030560,-0.024449,0.018335,0.300071,-0.236748,0.486886,0.324520,-0.255083,0.491183,0.000000,manual
29.561000,0.024905,-0.019899,0.014976,0.300071,-0.236933,0.486886,0.319970,-0.251909,0.490606,0.000000,manual
29.571000,0.023088,-0.018490,0.013826,0.300071,-0.237057,0.486886,0.318561,-0.250883,0.490423,0.000000,manual
29.581000,0.021279,-0.017134,0.012619,0.300071,-0.237284,0.486886,0.317205,-0.249902,0.490242,0.000000,manual
29.591000,0.019507,-0.015825,0.011405,0.300071,-0.237572,0.486886,0.315896,-0.248977,0.490068,0.000000,manual
29.601000,0.017786,-0.014620,0.010128,0.300009,-0.237985,0.486886,0.314629,-0.248113,0.489904,0.000000,manual
29.611000,0.016453,-0.013863,0.008862,0.299782,-0.238500,0.486886,0.313646,-0.247362,0.489643,0.000000,manual
29.621000,0.015371,-0.013426,0.007485,0.299308,-0.239098,0.486886,0.312734,-0.246583,0.489293,0.000000,manual
29.631000,0.014801,-0.013380,0.006327,0.298566,-0.239799,0.486886,0.311946,-0.246126,0.489453,0.000000,manual
29.640000,0.014537,-0.013554,0.005253,0.297675,-0.240486,0.486886,0.311230,-0.245739,0.489303,0.000000,manual
29.651000,0.014626,-0.014057,0.004042,0.296314,-0.241415,0.486886,0.310371,-0.245457,0.489141,0.000000,manual
29.661000,0.014706,-0.014405,0.002964,0.294912,-0.242323,0.486886,0.309317,-0.245286,0.488992,0.000000,manual
29.671000,0.014896,-0.014770,0.001937,0.293304,-0.243292,0.486886,0.308074,-0.245229,0.488854,0.000000,manual
29.681000,0.014949,-0.014919,0.000946,0.291572,-0.244343,0.486886,0.306491,-0.245289,0.488711,0.000000,manual
29.688000,0.015088,-0.015086,0.000289,0.290287,-0.245108,0.486886,0.305373,-0.245397,0.488625,0.000000,manual
29.698000,0.015280,-0.015266,-0.000639,0.288370,-0.246283,0.486886,0.303636,-0.245645,0.488515,0.000000,manual
29.708000,0.015456,-0.015383,-0.001498,0.286370,-0.247500,0.486886,0.301753,-0.246002,0.488408,0.000000,manual
29.718000,0.015537,-0.015363,-0.002322,0.284370,-0.248778,0.486886,0.299733,-0.246456,0.488303,0.000000,manual
29.728000,0.015780,-0.015453,-0.003192,0.282370,-0.250139,0.486886,0.297823,-0.246947,0.488211,0.000000,manual
29.738000,0.015760,-0.015250,-0.003977,0.280370,-0.251562,0.486886,0.295620,-0.247585,0.488114,0.000000,manual
29.748000,0.015462,-0.014737,-0.004677,0.278370,-0.253067,0.486886,0.293107,-0.248390,0.488006,0.000000,manual
29.758000,0.015622,-0.014621,-0.005502,0.276370,-0.254634,0.486886,0.290991,-0.249132,0.487920,0.000000,manual
29.768000,0.015501,-0.014214,-0.006183,0.274370,-0.256222,0.486886,0.288584,-0.250039,0.487826,0.000000,manual
29.778000,0.015360,-0.013754,-0.006838,0.272370,-0.257851,0.486886,0.286124,-0.251013,0.487732,0.000000,manual
29.787000,0.014927,-0.013049,-0.007249,0.270570,-0.259298,0.486886,0.283619,-0.252049,0.487631,0.000000,manual
29.797000,0.014738,-0.012509,-0.007793,0.268570,-0.260927,0.486886,0.281079,-0.253134,0.487532,0.000000,manual
29.838000,0.014515,-0.010509,-0.010013,0.260370,-0.267690,0.486886,0.270879,-0.257677,0.487086,0.000000,manual
29.847000,0.014231,-0.009766,-0.010352,0.258570,-0.269212,0.486886,0.268336,-0.258860,0.486972,0.000000,manual
29.857000,0.014167,-0.009171,-0.010799,0.256570,-0.270923,0.486886,0.265741,-0.260124,0.486872,0.000000,manual
29.868000,0.014399,-0.008767,-0.011422,0.254370,-0.272851,0.486886,0.263137,-0.261429,0.486774,0.000000,manual
29.878000,0.014388,-0.008162,-0.011850,0.252370,-0.274624,0.486886,0.260531,-0.262775,0.486671,0.000000,manual
29.888000,0.014440,-0.007670,-0.012235,0.250370,-0.276418,0.486886,0.258040,-0.264183,0.486477,0.000000,manual
29.898000,0.014505,-0.007203,-0.012590,0.248370,-0.278232,0.486886,0.255573,-0.265643,0.486349,0.000000,manual
29.908000,0.014628,-0.006815,-0.012943,0.246370,-0.280067,0.486886,0.253185,-0.267124,0.486201,0.000000,manual
29.917000,0.014504,-0.006245,-0.013091,0.244570,-0.281738,0.486886,0.250815,-0.268647,0.486031,0.000000,manual
29.937000,0.014789,-0.005501,-0.013728,0.240570,-0.285490,0.486886,0.246071,-0.271763,0.485717,0.000000,manual
29.967000,0.015302,-0.004456,-0.014639,0.234570,-0.291181,0.486886,0.239026,-0.276542,0.485316,0.000000,manual
30.067000,0.018333,-0.003298,-0.018034,0.214570,-0.310150,0.486886,0.217868,-0.292116,0.484353,0.000000,manual
30.167000,0.020907,-0.004382,-0.020442,0.194570,-0.329119,0.486886,0.198952,-0.308677,0.484075,0.000000,manual
30.266000,0.022260,-0.006160,-0.021391,0.174770,-0.347899,0.486886,0.180930,-0.326508,0.484047,0.000000,manual
30.366000,0.022620,-0.008012,-0.021153,0.154770,-0.366868,0.486886,0.162782,-0.345715,0.484172,0.000000,manual
30.465000,0.022442,-0.009574,-0.020297,0.134970,-0.385851,0.486886,0.144543,-0.365554,0.484443,0.000000,manual
30.485000,0.022217,-0.009756,-0.019961,0.130970,-0.389728,0.486886,0.140726,-0.369767,0.484590,0.000000,manual
30.495000,0.022289,-0.009933,-0.019954,0.128970,-0.391707,0.486886,0.138903,-0.371754,0.484663,0.000000,manual
30.505000,0.021746,-0.009661,-0.019483,0.126970,-0.393707,0.486886,0.136631,-0.374224,0.484739,0.000000,manual
30.545000,0.020618,-0.009146,-0.018479,0.119217,-0.401707,0.486886,0.128363,-0.383228,0.484855,0.000000,manual
30.555000,0.020382,-0.008677,-0.018443,0.117836,-0.403707,0.486886,0.126513,-0.385265,0.484865,0.000000,manual
30.565000,0.019645,-0.007591,-0.018119,0.116949,-0.405707,0.486886,0.124540,-0.387588,0.484871,0.000000,manual
30.574000,0.018685,-0.006350,-0.017573,0.116448,-0.407507,0.486886,0.122798,-0.389934,0.484862,0.000000,manual
30.584000,0.018235,-0.005308,-0.017446,0.116139,-0.409507,0.486886,0.121447,-0.392061,0.484839,0.000000,manual
30.593000,0.017367,-0.004151,-0.016863,0.116009,-0.411307,0.486886,0.120160,-0.394444,0.484812,0.000000,manual
30.603000,0.017003,-0.003162,-0.016706,0.116009,-0.413307,0.486886,0.119171,-0.396601,0.484791,0.000000,manual
30.632000,0.015290,-0.000378,-0.015285,0.116368,-0.419107,0.486886,0.116746,-0.403822,0.484786,0.000000,manual
30.642000,0.014867,0.000601,-0.014855,0.116780,-0.421107,0.486886,0.116179,-0.406253,0.484814,0.000000,manual
30.652000,0.014509,0.001882,-0.014386,0.117667,-0.423107,0.486886,0.115785,-0.408721,0.484853,0.000000,manual
30.662000,0.014272,0.003257,-0.013896,0.118925,-0.425107,0.486886,0.115667,-0.411211,0.484897,0.000000,manual
30.672000,0.014144,0.004579,-0.013382,0.120430,-0.427107,0.486886,0.115851,-0.413725,0.484940,0.000000,manual
30.682000,0.014045,0.005672,-0.012849,0.121976,-0.429107,0.486886,0.116304,-0.416258,0.484991,0.000000,manual
30.692000,0.014210,0.006656,-0.012555,0.123544,-0.431107,0.486886,0.116888,-0.418553,0.485058,0.000000,manual
30.771000,0.013985,0.010847,-0.008828,0.136086,-0.446907,0.486886,0.125239,-0.438079,0.486127,0.000000,manual
30.781000,0.014226,0.011272,-0.008679,0.137695,-0.448907,0.486886,0.126423,-0.440228,0.486274,0.000000,manual
30.790000,0.014093,0.011433,-0.008239,0.139179,-0.450707,0.486886,0.127746,-0.442468,0.486444,0.000000,manual
30.798000,0.013679,0.011383,-0.007586,0.140532,-0.452307,0.486886,0.129149,-0.444721,0.486607,0.000000,manual
30.808000,0.013763,0.011647,-0.007333,0.142264,-0.454307,0.486886,0.130617,-0.446974,0.486763,0.000000,manual
30.816000,0.013407,0.011622,-0.006684,0.143765,-0.455907,0.486886,0.132143,-0.449223,0.486912,0.000000,manual
30.825000,0.013357,0.011812,-0.006237,0.145565,-0.457707,0.486886,0.133753,-0.451470,0.487052,0.000000,manual
30.835000,0.013483,0.012107,-0.005933,0.147565,-0.459645,0.486886,0.135458,-0.453712,0.487183,0.000000,manual
30.843000,0.013036,0.011934,-0.005245,0.149165,-0.461179,0.486886,0.137231,-0.455935,0.487309,0.000000,manual
30.851000,0.012848,0.011916,-0.004805,0.150765,-0.462697,0.486886,0.138849,-0.457892,0.487415,0.000000,manual
30.861000,0.012588,0.011852,-0.004240,0.152765,-0.464553,0.486886,0.140913,-0.460312,0.487544,0.000000,manual
30.870000,0.012585,0.011970,-0.003885,0.154565,-0.466111,0.486886,0.142595,-0.462226,0.487642,0.000000,manual
30.878000,0.012313,0.011863,-0.003300,0.156165,-0.467398,0.486886,0.144302,-0.464098,0.487736,0.000000,manual
30.886000,0.011752,0.011519,-0.002328,0.157765,-0.468470,0.486886,0.146246,-0.466142,0.487834,0.000000,manual
30.896000,0.011397,0.011339,-0.001147,0.159765,-0.469439,0.486886,0.148426,-0.468292,0.487935,0.000000,manual
30.904000,0.011185,0.011184,-0.000136,0.161365,-0.470000,0.486886,0.150181,-0.469864,0.488002,0.000000,manual
30.914000,0.011051,0.010980,0.001253,0.163365,-0.470392,0.486886,0.152385,-0.471645,0.488079,0.000000,manual
30.924000,0.011085,0.010770,0.002626,0.165365,-0.470577,0.486886,0.154596,-0.473203,0.488155,0.000000,manual
30.933000,0.011259,0.010578,0.003857,0.167165,-0.470577,0.486886,0.156588,-0.474434,0.488229,0.000000,manual
30.962000,0.012343,0.010062,0.007149,0.172965,-0.470398,0.486886,0.162903,-0.477547,0.488571,0.000000,manual
30.972000,0.012838,0.009908,0.008164,0.174965,-0.470233,0.486886,0.165057,-0.478397,0.488726,0.000000,manual
30.982000,0.013499,0.009944,0.009130,0.176965,-0.469923,0.486886,0.167021,-0.479053,0.488874,0.000000,manual
30.991000,0.013902,0.009560,0.010093,0.178765,-0.469552,0.486886,0.169205,-0.479645,0.489042,0.000000,manual
31.002000,0.014653,0.009581,0.011086,0.180965,-0.469008,0.486886,0.171384,-0.480094,0.489220,0.000000,manual
31.011000,0.015083,0.009202,0.011951,0.182765,-0.468451,0.486886,0.173563,-0.480402,0.489401,0.000000,manual
31.021000,0.015741,0.009121,0.012829,0.184641,-0.467729,0.486886,0.175520,-0.480559,0.489570,0.000000,manual
31.031000,0.016237,0.008629,0.013754,0.186291,-0.466843,0.486886,0.177662,-0.480597,0.489761,0.000000,manual
31.040000,0.016608,0.007909,0.014605,0.187627,-0.465878,0.486886,0.179718,-0.480482,0.489964,0.000000,manual
31.050000,0.017208,0.007286,0.015589,0.188947,-0.464599,0.486886,0.181661,-0.480189,0.490168,0.000000,manual
31.061000,0.018189,0.006846,0.016852,0.190330,-0.462853,0.486886,0.183485,-0.479704,0.490370,0.000000,manual
31.071000,0.019066,0.006403,0.017958,0.191609,-0.461038,0.486886,0.185206,-0.478996,0.490572,0.000000,manual
31.080000,0.019742,0.005993,0.018810,0.192852,-0.459238,0.486886,0.186859,-0.478049,0.490765,0.000000,manual
31.091000,0.020742,0.006024,0.019848,0.194508,-0.457038,0.486886,0.188484,-0.476887,0.490953,0.000000,manual
31.101000,0.021349,0.005876,0.020525,0.195993,-0.455038,0.486886,0.190117,-0.475563,0.491144,0.000000,manual
31.111000,0.021836,0.005705,0.021077,0.197457,-0.453038,0.486886,0.191752,-0.474116,0.491341,0.000000,manual
31.120000,0.021990,0.005373,0.021323,0.198737,-0.451238,0.486886,0.193364,-0.472562,0.491540,0.000000,manual
31.130000,0.022283,0.005174,0.021674,0.200119,-0.449238,0.486886,0.194944,-0.470913,0.491744,0.000000,manual
31.141000,0.022717,0.005128,0.022131,0.201616,-0.447038,0.486886,0.196488,-0.469170,0.491942,0.000000,manual
31.220000,0.035334,0.009688,0.033980,0.212041,-0.431238,0.486886,0.202353,-0.465218,0.489547,0.000000,manual
31.230000,0.035981,0.010011,0.034560,0.213340,-0.429238,0.486886,0.203329,-0.463798,0.488775,0.000000,manual
31.240000,0.036413,0.010181,0.034961,0.214557,-0.427238,0.486886,0.204376,-0.462199,0.487971,0.000000,manual
31.250000,0.036617,0.010179,0.035174,0.215650,-0.425238,0.486886,0.205470,-0.460412,0.487167,0.000000,manual
31.260000,0.036612,0.010051,0.035205,0.216639,-0.423238,0.486886,0.206588,-0.458443,0.486375,0.000000,manual
31.270000,0.036435,0.009789,0.035096,0.217485,-0.421238,0.486886,0.207696,-0.456334,0.485620,0.000000,manual
31.280000,0.036078,0.009423,0.034825,0.218206,-0.419238,0.486886,0.208784,-0.454064,0.484899,0.000000,manual
31.290000,0.035568,0.009006,0.034409,0.218846,-0.417238,0.486886,0.209839,-0.451647,0.484218,0.000000,manual
31.300000,0.034964,0.008573,0.033897,0.219423,-0.415238,0.486886,0.210850,-0.449135,0.483591,0.000000,manual
31.310000,0.034539,0.008247,0.033540,0.219980,-0.413238,0.486886,0.211733,-0.446778,0.483064,0.000000,manual
31.319000,0.033541,0.007749,0.032634,0.220444,-0.411438,0.486886,0.212694,-0.444072,0.482521,0.000000,manual
31.329000,0.032689,0.007296,0.031865,0.220918,-0.409438,0.486886,0.213622,-0.441303,0.482028,0.000000,manual
31.339000,0.031772,0.006847,0.031025,0.221372,-0.407438,0.486886,0.214524,-0.438464,0.481579,0.000000,manual
31.349000,0.030797,0.006362,0.030132,0.221763,-0.405438,0.486886,0.215401,-0.435571,0.481176,0.000000,manual
31.359000,0.030079,0.005933,0.029488,0.222093,-0.403438,0.486886,0.216161,-0.432927,0.480850,0.000000,manual
31.369000,0.029001,0.005353,0.028503,0.222320,-0.401438,0.486886,0.216968,-0.429942,0.480527,0.000000,manual
31.377000,0.027805,0.004790,0.027390,0.222436,-0.399838,0.486886,0.217645,-0.427228,0.480272,0.000000,manual
31.387000,0.026661,0.004163,0.026334,0.222498,-0.397838,0.486886,0.218335,-0.424172,0.480022,0.000000,manual
31.397000,0.025494,0.003538,0.025247,0.222498,-0.395838,0.486886,0.218960,-0.421086,0.479814,0.000000,manual
31.486000,0.018121,-0.001100,0.018087,0.221764,-0.378038,0.486886,0.222863,-0.396126,0.479891,0.000000,manual
31.496000,0.017610,-0.001555,0.017542,0.221578,-0.376038,0.486886,0.223133,-0.393580,0.480049,0.000000,manual
31.506000,0.016987,-0.002021,0.016867,0.221289,-0.374038,0.486886,0.223310,-0.390905,0.480199,0.000000,manual
31.516000,0.016368,-0.002516,0.016173,0.220877,-0.372038,0.486886,0.223393,-0.388212,0.480372,0.000000,manual
31.526000,0.015764,-0.003014,0.015473,0.220362,-0.370038,0.486886,0.223376,-0.385511,0.480560,0.000000,manual
31.536000,0.015191,-0.003534,0.014774,0.219722,-0.368038,0.486886,0.223257,-0.382813,0.480766,0.000000,manual
31.545000,0.014699,-0.003983,0.014148,0.219073,-0.366238,0.486886,0.223056,-0.380387,0.480959,0.000000,manual
31.555000,0.014164,-0.004404,0.013462,0.218331,-0.364238,0.486886,0.222735,-0.377700,0.481178,0.000000,manual
31.565000,0.013653,-0.004781,0.012788,0.217547,-0.362238,0.486886,0.222328,-0.375027,0.481394,0.000000,manual
31.575000,0.013161,-0.005107,0.012129,0.216743,-0.360238,0.486886,0.221850,-0.372368,0.481608,0.000000,manual
31.595000,0.012239,-0.005616,0.010875,0.215094,-0.356238,0.486886,0.220709,-0.367113,0.482012,0.000000,manual
31.605000,0.011820,-0.005820,0.010288,0.214248,-0.354238,0.486886,0.220069,-0.364526,0.482204,0.000000,manual
31.615000,0.011393,-0.005984,0.009695,0.213382,-0.352238,0.486886,0.219366,-0.361934,0.482383,0.000000,manual
31.625000,0.010983,-0.006120,0.009121,0.212496,-0.350238,0.486886,0.218615,-0.359359,0.482555,0.000000,manual
31.674000,0.009613,-0.006402,0.007171,0.208252,-0.340438,0.486886,0.214654,-0.347610,0.483263,0.000000,manual
31.693000,0.008788,-0.006195,0.006234,0.206685,-0.336638,0.486886,0.212880,-0.342872,0.483477,0.000000,manual
31.733000,0.007798,-0.006006,0.004974,0.203221,-0.328638,0.486886,0.209228,-0.333612,0.483829,0.000000,manual
31.743000,0.007646,-0.006011,0.004725,0.202294,-0.326638,0.486886,0.208305,-0.331363,0.483913,0.000000,manual
31.753000,0.007489,-0.006038,0.004430,0.201283,-0.324638,0.486886,0.207321,-0.329068,0.483986,0.000000,manual
31.761000,0.007408,-0.006105,0.004196,0.200393,-0.323038,0.486886,0.206498,-0.327234,0.484046,0.000000,manual
31.771000,0.007363,-0.006238,0.003912,0.199176,-0.321038,0.486886,0.205414,-0.324950,0.484127,0.000000,manual
31.781000,0.007421,-0.006466,0.003643,0.197795,-0.319038,0.486886,0.204261,-0.322681,0.484207,0.000000,manual
31.791000,0.007567,-0.006770,0.003380,0.196248,-0.317038,0.486886,0.203018,-0.320418,0.484296,0.000000,manual
31.801000,0.007745,-0.007088,0.003122,0.194578,-0.315038,0.486886,0.201666,-0.318161,0.484382,0.000000,manual
31.811000,0.007863,-0.007319,0.002873,0.192887,-0.313038,0.486886,0.200207,-0.315912,0.484471,0.000000,manual
31.861000,0.008545,-0.008214,0.002354,0.184331,-0.303038,0.486886,0.192545,-0.305392,0.484767,0.000000,manual
31.870000,0.008377,-0.008116,0.002077,0.182809,-0.301238,0.486886,0.190925,-0.303315,0.484807,0.000000,manual
31.880000,0.008337,-0.008111,0.001931,0.181098,-0.299238,0.486886,0.189208,-0.301169,0.484830,0.000000,manual
31.890000,0.008282,-0.008087,0.001784,0.179366,-0.297238,0.486886,0.187453,-0.299023,0.484848,0.000000,manual
31.900000,0.008454,-0.008249,0.001853,0.177592,-0.295238,0.486886,0.185841,-0.297091,0.484870,0.000000,manual
31.910000,0.008454,-0.008279,0.001712,0.175737,-0.293238,0.486886,0.184015,-0.294950,0.484893,0.000000,manual
31.920000,0.008226,-0.008112,0.001364,0.173840,-0.291238,0.486886,0.181952,-0.292603,0.484920,0.000000,manual
31.930000,0.008232,-0.008139,0.001234,0.171881,-0.289238,0.486886,0.180020,-0.290472,0.484946,0.000000,manual
31.940000,0.008463,-0.008359,0.001322,0.169881,-0.287238,0.486886,0.178240,-0.288561,0.484969,0.000000,manual
32.040000,0.009387,-0.009112,0.002257,0.149881,-0.267238,0.486886,0.158993,-0.269495,0.485096,0.000000,manual
32.090000,0.011594,-0.010220,0.005474,0.139881,-0.257753,0.486886,0.150101,-0.263228,0.481902,0.000000,manual
32.099000,0.012171,-0.010569,0.006036,0.138081,-0.256158,0.486886,0.148650,-0.262194,0.481219,0.000000,manual
32.110000,0.012852,-0.010970,0.006696,0.135881,-0.254388,0.486886,0.146851,-0.261084,0.480474,0.000000,manual
32.119000,0.013035,-0.011006,0.006985,0.134081,-0.253071,0.486886,0.145087,-0.260055,0.479702,0.000000,manual
32.129000,0.013361,-0.011171,0.007328,0.132184,-0.251772,0.486886,0.143355,-0.259100,0.478941,0.000000,manual
32.139000,0.013614,-0.011294,0.007603,0.130349,-0.250638,0.486886,0.141643,-0.258240,0.478188,0.000000,manual
32.149000,0.013763,-0.011300,0.007856,0.128658,-0.249627,0.486886,0.139958,-0.257483,0.477457,0.000000,manual
32.158000,0.012248,-0.009862,0.007262,0.128658,-0.249627,0.486886,0.138520,-0.256890,0.476789,0.000000,manual
32.159000,0.012089,-0.009710,0.007201,0.128658,-0.249627,0.486886,0.138368,-0.256828,0.476712,0.000000,manual
32.169000,0.011044,-0.008639,0.006880,0.128658,-0.249627,0.486886,0.137297,-0.256507,0.476037,0.000000,manual
32.179000,0.010326,-0.007830,0.006732,0.128658,-0.249627,0.486886,0.136488,-0.256359,0.475257,0.000000,manual
32.189000,0.009849,-0.007277,0.006637,0.128658,-0.249627,0.486886,0.135936,-0.256264,0.474630,0.000000,manual
32.199000,0.009469,-0.006826,0.006562,0.128658,-0.249627,0.486886,0.135484,-0.256190,0.474081,0.000000,manual
32.299000,0.008674,-0.005666,0.006567,0.128658,-0.249627,0.486886,0.134324,-0.256195,0.471834,0.000000,manual
32.399000,0.010752,-0.007517,0.007687,0.128658,-0.249627,0.486886,0.136175,-0.257315,0.472192,0.000000,manual
32.499000,0.014023,-0.010261,0.009558,0.128658,-0.249627,0.486886,0.138919,-0.259185,0.472938,0.000000,manual
32.599000,0.017504,-0.013013,0.011707,0.128658,-0.249627,0.486886,0.141671,-0.261334,0.473685,0.000000,manual
32.699000,0.020365,-0.015120,0.013642,0.128658,-0.249627,0.486886,0.143779,-0.263269,0.474674,0.000000,manual
32.798000,0.022068,-0.016141,0.015049,0.128658,-0.249627,0.486886,0.144799,-0.264676,0.476108,0.000000,manual
32.898000,0.022355,-0.015909,0.015705,0.128658,-0.249627,0.486886,0.144568,-0.265332,0.477872,0.000000,manual
32.998000,0.021375,-0.014659,0.015557,0.128658,-0.249627,0.486886,0.143317,-0.265184,0.479660,0.000000,manual
33.098000,0.019487,-0.012829,0.014667,0.128658,-0.249627,0.486886,0.141487,-0.264295,0.481201,0.000000,manual
33.197000,0.017140,-0.010870,0.013253,0.128658,-0.249627,0.486886,0.139528,-0.262880,0.482332,0.000000,manual
33.297000,0.014582,-0.009002,0.011472,0.128658,-0.249627,0.486886,0.137660,-0.261099,0.483087,0.000000,manual
33.397000,0.012180,-0.007460,0.009628,0.128658,-0.249627,0.486886,0.136119,-0.259256,0.483469,0.000000,manual
33.497000,0.010124,-0.006289,0.007933,0.128658,-0.249627,0.486886,0.134947,-0.257561,0.483561,0.000000,manual
33.595000,0.008577,-0.005504,0.006578,0.128658,-0.249627,0.486886,0.134162,-0.256205,0.483434,0.000000,manual
33.688000,0.007600,-0.005049,0.005681,0.128658,-0.249627,0.486886,0.133707,-0.255308,0.483152,0.000000,manual
33.779000,0.007093,-0.004810,0.005213,0.128658,-0.249627,0.486886,0.133468,-0.254840,0.482745,0.000000,manual
33.874000,0.007021,-0.004737,0.005181,0.128658,-0.249627,0.486886,0.133395,-0.254809,0.482181,0.000000,manual
33.973000,0.007391,-0.004779,0.005639,0.128658,-0.249627,0.486886,0.133437,-0.255266,0.481459,0.000000,manual
34.069000,0.008113,-0.004858,0.006498,0.128658,-0.249627,0.486886,0.133516,-0.256125,0.480641,0.000000,manual
34.163000,0.009073,-0.004893,0.007640,0.128658,-0.249627,0.486886,0.133551,-0.257267,0.479773,0.000000,manual
34.262000,0.010249,-0.004835,0.009037,0.128658,-0.249627,0.486886,0.133493,-0.258665,0.478840,0.000000,manual
34.357000,0.011398,-0.004645,0.010408,0.128658,-0.249627,0.486886,0.133304,-0.260035,0.478015,0.000000,manual
34.457000,0.012479,-0.004303,0.011714,0.128658,-0.249627,0.486886,0.132961,-0.261341,0.477317,0.000000,manual
34.556000,0.013302,-0.003837,0.012736,0.128658,-0.249627,0.486886,0.132495,-0.262363,0.477289,0.000000,manual
34.651000,0.013917,-0.002984,0.013594,0.128658,-0.249627,0.486886,0.131642,-0.263221,0.478372,0.000000,manual
34.751000,0.013993,-0.002186,0.013821,0.128658,-0.249627,0.486886,0.130845,-0.263448,0.479020,0.000000,manual
34.850000,0.013641,-0.001643,0.013542,0.128658,-0.249627,0.486886,0.130301,-0.263169,0.479441,0.000000,manual
34.950000,0.012981,-0.001358,0.012910,0.128658,-0.249627,0.486886,0.130016,-0.262537,0.479785,0.000000,manual
35.047000,0.012159,-0.001272,0.012092,0.128658,-0.249627,0.486886,0.129931,-0.261719,0.480112,0.000000,manual
35.145000,0.011225,-0.001325,0.011147,0.128658,-0.249627,0.486886,0.129983,-0.260774,0.480463,0.000000,manual
35.244000,0.010288,-0.001465,0.010184,0.128658,-0.249627,0.486886,0.130123,-0.259811,0.480812,0.000000,manual
35.339000,0.009443,-0.001644,0.009299,0.128658,-0.249627,0.486886,0.130302,-0.258926,0.481145,0.000000,manual
35.436000,0.008690,-0.001855,0.008490,0.128658,-0.249627,0.486886,0.130513,-0.258117,0.481446,0.000000,manual
35.535000,0.008074,-0.002092,0.007799,0.128658,-0.249627,0.486886,0.130750,-0.257426,0.481690,0.000000,manual
35.635000,0.007641,-0.002357,0.007268,0.128658,-0.249627,0.486886,0.131016,-0.256896,0.481858,0.000000,manual
35.732000,0.007422,-0.002652,0.006932,0.128658,-0.249627,0.486886,0.131310,-0.256559,0.481935,0.000000,manual
35.829000,0.007428,-0.003011,0.006791,0.128658,-0.249627,0.486886,0.131669,-0.256418,0.481905,0.000000,manual
35.928000,0.007659,-0.003449,0.006839,0.128658,-0.249627,0.486886,0.132107,-0.256466,0.481785,0.000000,manual
36.026000,0.008104,-0.003964,0.007068,0.128658,-0.249627,0.486886,0.132622,-0.256695,0.481588,0.000000,manual
36.126000,0.008758,-0.004584,0.007463,0.128658,-0.249627,0.486886,0.133242,-0.257090,0.481333,0.000000,manual
36.225000,0.009541,-0.005257,0.007962,0.128658,-0.249627,0.486886,0.133915,-0.257589,0.481072,0.000000,manual
